clear
x=[3 1 5 4 0 3 7 9 10 14 17 14 12 10 7 2 6 11 15 19 22 21 27 15 15 20 21 24 25 28 5 17 25 9 9 30 0];
y=[2 5 4 7 8 11 9 6 2 0 3 6 9 12 14 16 18 17 12 9 5 0 9 19 14 17 13 20 16 18 12 16 7 20 15 12 0];
t=[1.50 1.50 0.55 1.20 0.85 1.30 1.20 2.30 1.40 1.50 1.10 2.70 1.80 1. 80 0.60 1.50 0.80 1.50 0.80 1.40 1.20 1.80 1.40 1.60 1.60 1.00 2.00 1.00 2.10 1.20 1.90 1.30 1.60 1.20 1.50 1.30 0.00];
r=1:37;
plot(x,y,'*r' );
grid on
for ii=1:37
 k=int2str(ii);
 k=strcat('P',k);
 text(x(ii),y(ii),num2str(k))
end
 