y=[44.6 45.3 54.3 59.6 49.9 44.8 45.7 49.1 39.4 60.1 50.5 37.4 44.8 47.2 51.9 49.2 40.9 46.8 50.4 39.4 46.1 46.1 45.4 54.7]';
%x1=[44 40 44 42 38 47 40 43 44 38 44 45 45 47 54 49 51 51 48 47 57 54 52 50]';
%x2=[89.5 75.1 85.8 68.2 89.0 77.5 76.0 81.2 81.4 81.9 73.0 87.7 66.5 79.2 83.1 81.4 69.6 77.9 91.6 73.4 73.4 79.4 76.3 70.9]';
x3=[6.82 6.04 5.19 4.90 5.53 6.98 7.17 6.51 7.85 5.18 6.08 8.42 6.67 6.36 6.20 5.37 6.57 6.00 6.15 6.05 7.58 6.70 5.78 5.35]';
%x4=[62 62 45 40 55 58 70 64 63 48 45 56 51 47 50 44 57 48 48 67 58 62 48 48]';
%x5=[178 185 156 166 178 176 176 162 174 170 168 186 176 162 166 180 168 162 162 168 174 156 164 146]';
n=24;m=5;
%z=[x1,x2,x3,x4,x5];
z=x3;
size(z)
p=[ones(24,1),z];
[b,bint,r,rint,stats]=regress(y,p)
%slread('±í¸ñÎ»ÖÃ');