%多元线性回归求解
clear
x=[120	    73	    180     80	    125     125     81.1	90
   133.02	73	    180	    80	    125     125     81.1	90
   129.63	73	    180	    80	    125     125	    81.1	90
   158.77	73	    180	    80	    125	    125	    81.1	90
   145.32	73	    180	    80	    125	    125	    81.1	90
   120	    78.596	180	    80	    125	    125	    81.1	90
   120	    75.45	180	    80	    125	    125	    81.1	90
   120	    90.487	180	    80	    125	    125	    81.1	90
   120	    83.848	180	    80	    125	    125	    81.1	90
   120	    73	    231.39	80	    125	    125 	81.1	90
   120	    73	    198.48	80	    125	    125	    81.1	90
   120	    73	    212.64	80	    125	    125	    81.1	90
   120	    73	    190.55	80	    125	    125	    81.1	90
   120	    73	    180	    75.857	125	    125	    81.1	90
   120   	73	    180	    65.958	125	    125	    81.1	90
   120	    73	    180	    87.258	125	    125	    81.1	90
   120	    73	    180	    97.824	125	    125	    81.1	90
   120	    73	    180	    80	    150.71	125	    81.1	90
   120	    73	    180	    80	    141.58	125	    81.1	90
   120	    73	    180	    80	    132.37	125	    81.1	90
   120	    73	    180	    80	    156.93	125	    81.1	90
   120	    73	    180	    80	    125	    138.88	81.1	90
   120	    73	    180	    80	    125	    131.21	81.1	90
   120	    73	    180	    80	    125	    141.71	81.1	90
   120	    73	    180	    80	    125	    149.29	81.1	90
   120	    73	    180	    80	    125	    125	    60.582	90
   120	    73	    180	    80	    125	    125	    70.962	90
   120	    73	    180	    80	    125	    125	    64.854	90
   120	    73	    180	    80	    125	    125	    75.529	90
   120	    73	    180	    80	    125	    125	    81.1	104.84
   120	    73	    180	    80	    125	    125	    81.1	111.22
   120	    73 	    180	    80	    125	    125	    81.1	98.092
   120	    73	    180	    80	    125	    125	    81.1	120.44];
y=[164.78	140.87	-144.25	119.09	135.44	157.69
165.81	140.13	-145.14	118.63	135.37	160.76
165.51	140.25	-144.92	118.7	135.33	159.98
167.93	138.71	-146.91	117.72	135.41	166.81
166.79	139.45	-145.92	118.13	135.41	163.64
164.94	141.5	-143.84	118.43	136.72	157.22
164.8	141.13	-144.07	118.82	136.02	157.5
165.59	143.03	-143.16	117.24	139.66	156.59
165.21	142.28	-143.49	117.96	137.98	156.96
167.43	140.82	-152.26	129.58	132.04	153.6
165.71	140.82	-147.08	122.85	134.21	156.23
166.45	140.82	-149.33	125.75	133.28	155.09
165.23	140.85	-145.82	121.16	134.75	156.77
164.23	140.73	-144.18	119.12	135.57	157.2
163.04	140.34	-144.03	119.31	135.97	156.31
165.54	141.1	-144.32	118.84	135.06	158.26
166.88	141.4	-144.34	118.67	134.67	159.28
164.07	143.03	-140.97	118.75	133.75	158.83
164.27	142.29	-142.15	118.85	134.27	158.37
164.57	141.44	-143.3	119	    134.88	158.01
163.89	143.61	-140.25	118.64	133.28	159.12
166.35	139.29	-144.2	119.1	136.33	157.59
165.54	140.14	-144.19	119.09	135.81	157.67
166.75	138.95	-144.17	119.15	136.55	157.59
167.69	138.07	-144.14	119.19	137.11	157.65
162.21	141.21	-144.13	116.03	135.5	154.26
163.54	141	    -144.16	117.56	135.44	155.93
162.7	141.14	-144.21	116.74	135.4	154.88
164.06	140.94	-144.18	118.24	135.4	156.68
164.66	142.27	-147.2	120.21	135.28	157.65
164.7	142.94	-148.45	120.68	135.16	157.63
164.67	141.56	-145.88	119.68	135.29	157.61
164.69	143.84	-150.34	121.34	135.12	157.64];
[m,n]=size(x);
X=[ones(m,1),x];
[m1,n1]=size(X);
[m2,n2]=size(y);
for i=1:n2
    %b为参数，bint回归系数的区间估计，r为残差
    %rint为置信区间，stats用于回归模型检验
    [b(:,i),bint,r,rint,stats(i,:)]=regress(y(:,i),X);
    [mm,nn]=size(b);
    for jj=1:m1
        temp=0;
        for ii=1:mm
            yy(jj,i)=temp+b(ii,i)*X(jj,ii);
            temp=yy(jj,i);
        end
    end
    xiangdui_wucha(1,i)=abs(abs(y(1,i))-abs(yy(1,i)))/abs(y(1,i));
    %if n2~=1
     %   subplot(2,n2/2,i);
      %  rcoplot(r,rint)  %残差分析，作出残差及其置信区间
   % else
    %    rcoplot(r,rint)  %残差分析，作出残差及其置信区间
    %end
end
disp('参数');
b %参数计算
disp('预测结果');
yy
%检验回归模型：相关系数r^2=stats(1,:)越接近1回归方程约显著
%F=stats(2,:)值越大回归方程越显著、p=stats(3,:)<0.01时回归模型成立
%disp('回归模型检验');
%format long
%stats
%for i=1:n2
 %   if(stats(i,4)<0.01)&(stats(i,1)>0.6)
  %      disp('回归方程显著【模型成立】');
   % end
%end
format short
disp('相对误差');
xiangdui_wucha %第一行原始值与预测值的相对误差